
  0.16666666666666666        52.369379939789063        51.835838490710174        0.0000000000000000     
  0.33333333333333331        52.393460891333127        51.864861953235106        0.0000000000000000     
  0.50000000000000000        52.390176116015240        51.861631610229232        0.0000000000000000     
  0.66666666666666663        52.386729826873534        51.858241559837658        0.0000000000000000     
  0.83333333333333326        52.383263702539871        51.854831995893505        0.0000000000000000     
   1.0000000000000000        52.379777765263640        51.851402942310536        0.0000000000000000     
   1.1666666666666665        52.376271700433939        51.847954089616458        0.0000000000000000     
   1.3333333333333333        52.372745189517495        51.844485124475895        0.0000000000000000     
   1.5000000000000000        52.369197910581825        51.840995730209585        0.0000000000000000     
   1.6666666666666665        52.365629538273225        51.837485586772956        0.0000000000000000     
   1.8333333333333333        52.362039743031481        51.833954369974990        0.0000000000000000     
   2.0000000000000000        52.358427573455828        51.830401138459919        0.0000000000000000     
   2.1666666666666665        52.354403750146290        51.826440522269635        0.0000000000000000     
   2.3333333333333330        52.176225186745256        51.650496557694026        0.0000000000000000     
   2.5000000000000000        6.8760108955624641        6.5731104520089421        126.75252115542942     
   2.6666666666666665        33.328156172142748        32.926651678157775        29.800000000000001     
   2.8333333333333330        33.379506435687723        32.972695216022160        29.800000000000001     
   3.0000000000000000        33.377566918351796        32.970976780808734        29.800000000000001     
   3.1666666666666665        33.375541692512407        32.969181722702260        29.800000000000001     
   3.3333333333333330        33.373514512420343        32.967384931433692        29.800000000000001     
   3.5000000000000000        33.371485436883056        32.965586460135647        29.800000000000001     
   3.6666666666666665        33.369454419551012        32.963786267727691        29.800000000000001     
   3.8333333333333330        33.367421410236268        32.961984309725686        29.800000000000001     
   4.0000000000000000        33.365386361810266        32.960180544357030        29.800000000000001     
   4.1666666666666661        33.363349222408210        32.958374925651725        29.800000000000001     
   4.3333333333333330        33.361309944212842        32.956567411226715        29.800000000000001     
   4.5000000000000000        33.359268473376595        32.954757953351731        29.800000000000001     
   4.6666666666666661        33.357224551088144        32.952946321191291        29.800000000000001     
   4.8333333333333330        33.355058304993292        32.951025634400288        29.800000000000001     
   5.0000000000000000        33.301889168294821        32.903407926024101        29.800000000000001     
