
   99.974285714290829        64.649129749053586        63.467375282059109        29.800000000000001     
   199.94857142856287        63.104125470180186        62.399937970631512        29.800000000000001     
   299.92285714286197        61.703609028779944        61.022450472700719        29.800000000000001     
   399.89714285721175        60.348637174442544        59.689609950365160        29.800000000000001     
   499.87142857156152        59.037692637568192        58.400077577393965        29.800000000000001     
   599.84571428591130        57.769344703292795        57.152446057403147        29.800000000000001     
   699.82000000026108        56.542209164862363        55.945353792622889        29.800000000000001     
   799.79428571461085        55.354946799983132        54.777483434970101        29.800000000000001     
   899.76857142896063        54.206261908776590        53.647560447899430        29.800000000000001     
   999.74285714331040        53.094900899259123        52.554351714988442        29.800000000000001     
   1099.7171428573863        52.019650918800707        51.496664193747968        29.800000000000001     
   1199.6914285713744        50.979338530063742        50.473343613188945        29.800000000000001     
   1299.6657142853626        49.972828429979913        49.483273213722661        29.800000000000001     
   1399.6399999993507        48.999022210364124        48.525372528018423        29.800000000000001     
   1499.6142857133389        48.056857158812207        47.598596201486565        29.800000000000001     
   1599.5885714273270        47.145305098574276        46.701932851101496        29.800000000000001     
   1699.5628571413151        46.263371266134719        45.834403961314621        29.800000000000001     
   1799.5371428553033        45.410093225274615        44.995062815853927        29.800000000000001     
   1899.5114285692914        44.584539816429874        44.182993464243431        29.800000000000001     
   1999.4857142832795        43.785810140199771        43.397309721913786        29.800000000000001     
   2099.4599999972679        43.013032573891309        42.637154202810976        29.800000000000001     
   2199.4342857112561        42.265363820031766        41.901697383449552        29.800000000000001     
   2299.4085714252442        41.541987985804347        41.190136697384865        29.800000000000001     
   2399.3828571392323        40.842115692405791        40.501695659117445        29.800000000000001     
   2499.3571428532205        40.164983213352237        39.835623016474003        29.800000000000001     
   2599.3314285672086        39.509851640790586        39.191191930535886        29.800000000000001     
   2699.3057142811967        38.876006078908162        38.567699182222910        29.800000000000001     
   2799.2799999951849        38.262754863557490        37.964464404665101        29.800000000000001     
   2899.2542857091730        37.669428807244579        37.380829340522133        29.800000000000001     
   2999.2285714231612        37.095380468657233        36.816157123443986        29.800000000000001     
   3099.2028571371493        36.539983445935135        36.269831582883377        29.800000000000001     
   3199.1771428511374        36.002631692908032        35.741256571503200        29.800000000000001     
   3299.1514285651256        35.482738857559795        35.229855314445125        29.800000000000001     
   3399.1257142791137        34.979737641992067        34.735069779747874        29.800000000000001     
   3499.0999999931018        34.493079183190396        34.256360069227071        29.800000000000001     
   3599.0742857070900        34.022232453915578        33.793203829152858        29.800000000000001     
   3699.0485714210781        63.771224423304126        62.976463518552748        29.800000000000001     
   3799.0228571350663        62.329720822234009        61.638309931135183        29.800000000000001     
   3898.9971428490544        60.954400352916721        60.285479004758720        37.818630097562682     
   3998.9714285630425        59.623774646546906        58.976586930568907        41.304337147045430     
   4098.9457142770307        58.336385035841346        57.710224748916822        42.463247421428704     
   4198.9199999910188        57.090826531554626        56.485010427375570        42.640092734969606     
   4298.8942857050070        55.885739806320707        55.299606841178900        42.406663777830175     
   4398.8685714189951        54.719809708560227        54.152720319795101        42.005992856153355     
   4498.8428571329832        53.591763826724645        53.043099234625863        41.541281722658105     
   4598.8171428469714        52.500371100209634        51.969532632607859        41.056260334330041     
   4698.7914285609595        51.444440475417515        50.930848914227226        40.569366677830530     
   4798.7657142749476        50.422819605503719        49.925914554503095        40.088284779788985     
   4898.7399999889358        49.434393592383927        48.953632865543334        39.616128239692131     
   4998.7142857029239        48.478083769631610        48.012942799320783        39.154070258672760     
   5098.6885714169121        47.552846524934509        47.102817789364103        38.702462217401084     
   5198.6628571309002        46.657672160825769        46.222264630096788        38.261309373046494     
   5298.6371428448883        45.791583792443660        45.370322392600841        37.830473114110099     
   5398.6114285588765        44.953636281117014        44.546061375620383        37.409756910758190     
   5498.5857142728646        44.142915202614034        43.748582090662900        36.998942797764755     
   5598.5599999868527        43.358535848924404        42.977014280085470        36.597806818626530     
   5698.5342857008409        42.599642262485467        42.230515967096117        36.206125522650218     
   5798.5085714148290        41.865406301799936        41.508272536633015        35.823678658134980     
   5898.4828571288172        41.155026737423057        40.809495846117500        35.450250249180989     
   5998.4571428428053        40.467728377331561        40.133423365108740        35.085628986551903     
   6098.4314285567934        39.802761220720278        39.479317342922421        34.729608328291391     
   6198.4057142707816        39.159399639303103        38.846464003303439        34.381986478382757     
   6298.3799999847697        38.536941585221918        38.234172765272760        34.042566314984867     
   6398.3542856987578        37.934707824702109        37.641775489300386        33.711155298649494     
   6498.3285714127460        37.352041196612774        37.068625747975545        33.387565373413729     
   6598.3028571267341        36.788305895128502        36.514098120385100        33.071612866224022     
   6698.2771428407223        36.242886775702885        35.977587509423756        32.763118386981262     
   6798.2514285547104        35.715188683600971        35.458508481293180        32.461906730151767     
   6898.2257142686985        35.204635804254792        34.956294626468747        32.167806778316780     
   6998.1999999826867        34.710671034732620        34.470397941435451        31.880651407791500     
   7098.1742856966748        34.232755375637858        34.000288230518549        31.600277396336548     
   7198.1485714106630        33.770367342770697        33.545452527155561        31.326525332956844     
   7298.1228571246511        33.323002397911566        33.105394533976387        31.059239529740417     
   7398.0971428386392        32.890172398105619        32.679634081083755        30.798267935711579     
   7498.0714285526274        32.471405062844966        32.267706601937533        30.543462052644649     
   7598.0457142666155        32.066243458568984        31.869162626275436        30.294676852801977     
   7698.0199999806036        31.674245499917550        31.483567289512461        30.051770698551262     
   7797.9942856945918        31.294983467195227        31.110499858086477        29.814605725909736     
   7897.9685714085799        30.928043539517333        30.749553270229967        29.800000000000001     
   7997.9428571225681        30.573025343129370        30.400333691666784        29.800000000000001     
   8097.9171428365562        30.229541514405980        30.062460085748960        29.800000000000001     
   8197.8914285505452        29.897217277052892        29.735563797564524        29.800000000000001     
   8297.8657142645334        29.575690033050005        29.419288151561741        29.800000000000001     
   8397.8399999785215        29.264608966888144        29.113288062250408        29.800000000000001     
   8497.8142856925097        28.963634662669378        28.817229657555977        29.800000000000001     
   8597.7885714064978        28.672438733650569        28.530789914414147        29.800000000000001     
   8697.7628571204859        28.390703463827165        28.253656306208917        29.800000000000001     
   8797.7371428344741        28.118121461165298        27.985526461668357        29.800000000000001     
   8897.7114285484622        27.854395322104054        27.726107834847095        29.800000000000001     
   8997.6857142624503        27.599237306960880        27.475117385833347        29.800000000000001     
   9097.6599999764385        64.680063979346002        63.509553262898628        35.236247176335695     
   9197.6342856904266        64.783216475184233        63.798672597158493        45.805825384366607     
   9297.6085714044148        63.427396156341139        62.717888800087110        51.028186056590542     
   9397.5828571184029        62.016365757543547        61.330098806181425        52.810758433172737     
   9497.5571428323910        60.651231243522737        59.987261628566436        53.104703412630499     
   9597.5314285463792        59.330454300343305        58.688057446598144        52.776438527176623     
   9697.5057142603673        58.052593477084677        57.431068416080315        52.194234955546776     
   9797.4799999743555        56.816254182999849        56.214922724862433        51.514481533717273     
   9897.4542856883436        55.620087149300126        55.038293142461931        50.803450687427564     
   9997.4285714023317        54.462786956138892        53.899895571127495        50.089090373742557     
   10097.402857116320        53.343090607478082        52.798487643983776        49.383053197891286     
   10197.377142830308        52.259776152277006        51.732867368741118        48.690066175288223     
   10297.351428544296        51.211661350498368        50.701871815490584        48.011915950439501     
   10397.325714258284        50.197602382472155        49.704375847148150        47.349143750363453     
   10497.299999972272        49.216492600210543        48.739290891165773        46.701766196444495     
   10597.274285686261        48.267261319309306        47.805563751165415        46.069581776471793     
   10697.248571400249        47.348872650114927        46.902175457197124        45.452301083594037     
   10797.222857114237        46.460324366884748        46.028140153369975        44.849602098741315     
   10897.197142828225        45.600646813700379        45.182504021636284        44.261153593549189     
   10997.171428542213        44.768901845943859        44.364344240556655        43.686624976173036     
   11097.145714256201        43.964181806178253        43.572767977908789        43.125690373190515     
   11197.119999970189        43.185608533314870        42.806911416038105        42.578030262319835     
   11297.094285684178        42.432332403984383        42.065938808887275        42.043332065773292     
   11397.068571398166        41.703531405067757        41.349041569675421        41.521290303858741     
   11497.042857112154        40.998410236370624        40.655437388229615        41.011606563809792     
   11597.017142826142        40.316199442463670        39.984369377005194        40.513989392248369     
   11696.991428540130        39.656154572739432        39.335105244861914        40.028154157339145     
   11796.965714254118        39.017555368770552        38.706936497695750        39.553822900174289     
   11896.939999968106        38.399704978078375        38.099177665049105        39.090724183655070     
   11996.914285682094        37.801929193458129        37.511165551860756        38.638592942337517     
   12096.888571396083        37.223575717025085        36.942258514533243        38.197170334666957     
   12196.862857110071        36.664013448182942        36.391835760530313        37.766203598169206     
   12296.837142824059        36.122631794732904        35.859296670738999        37.345445907790527     
   12396.811428538047        35.598840006373301        35.344060143855124        36.934656237428825     
   12496.785714252035        35.092066529860958        34.845563962077357        36.533599224626840     
   12596.759999966023        34.601758385132456        34.363264177418351        36.142045038379706     
   12696.734285680011        34.127380561700278        33.896634517960521        35.759769249992225     
   12796.708571394000        33.668415434668198        33.445165813409602        35.386552706920590     
   12896.682857107988        33.224362199726308        33.008365439317934        35.022181409531377     
   12996.657142821976        32.794736326509543        32.585756779372204        34.666446390713368     
   13096.631428535964        32.379069029722785        32.176878705156760        34.319143598275247     
   13196.605714249952        31.976906757454085        31.781285072824264        33.980073780067663     
   13296.579999963940        31.587810696119519        31.398544236126899        33.649042371765631     
   13396.554285677928        31.211356291496411        31.028238575272646        33.325859387252784     
   13496.528571391917        30.847132785324053        30.669964041095149        33.010339311544293     
   13596.502857105905        30.494742766964784        30.323329714037445        32.702300996195191     
   13696.477142819893        30.153801739636510        29.987957377469833        32.401567557131933     
   13796.451428533881        29.823937700742924        29.663481104874524        32.107966274856253     
   13896.425714247869        29.504790735842946        29.349546860447067        31.821328496965346     
   13996.399999961857        29.196012625816167        29.045812112678465        31.541489542932450     
   14096.374285675845        28.897266466795692        28.751945460495246        31.268288611100601     
   14196.348571389834        28.608226302452987        28.467626271551218        31.001568687836304     
   14296.322857103822        28.328576768233841        28.192544332273528        30.741176458793145     
   14396.297142817810        28.058012747155971        27.926399509282795        30.486962222238478     
   14496.271428531798        27.796239036793565        27.668901421817086        30.238779804394664     
   14596.245714245786        27.542970027084809        27.419769124801409        29.996486476747773     
   14696.219999959774        27.297929388610285        27.178730802218205        29.800000000000001     
   14796.194285673762        27.060849771001994        26.945523470442179        29.800000000000001     
   14896.168571387750        26.831472511154519        26.719892691217350        29.800000000000001     
   14996.142857101739        26.609547350918572        26.501592293961846        29.800000000000001     
   15096.117142815727        26.394832163969479        26.290384107097456        29.800000000000001     
   15196.091428529715        26.187092691552284        26.086037698111067        29.800000000000001     
   15296.065714243703        25.986102286814699        25.888330122063277        29.800000000000001     
   15396.039999957691        25.791641667449117        25.697045678271063        29.800000000000001     
   15496.014285671679        25.603498676373505        25.511975674897311        29.800000000000001     
   15595.988571385667        25.421468050189866        25.332918201191195        29.800000000000001     
   15695.962857099656        25.245351195167292        25.159677907130281        29.800000000000001     
   15795.937142813644        25.074955970505290        24.992065790223926        29.800000000000001     
   15895.911428527632        24.910096478641240        24.829898989245635        29.800000000000001     
   15995.885714241620        24.750592862371754        24.673000584668447        29.800000000000001     
   16095.859999955608        24.596271108568029        24.521199405585886        29.800000000000001     
   16195.834285669596        24.446962858269323        24.374329842907635        29.800000000000001     
   16295.808571383584        64.659863848639233        63.462300246796509        32.582895900517059     
   16395.782857098253        63.873805816186106        63.153475034183813        44.107007177453184     
   16495.757142818027        62.447413854292101        61.754105277218208        48.891548010808904     
   16595.731428537802        61.068272819829353        60.397491500029190        50.485910624689538     
   16695.705714257576        59.733944791319935        59.084957569221352        50.733565496455135     
   16795.679999977350        58.442973239104887        57.815071953292978        50.418576578305263     
   16895.654285697125        57.193949261347846        56.586448763127528        49.874199492978192     
   16995.628571416899        55.985509743390949        55.397747148525653        49.241948130664809     
   17095.602857136673        54.816335869526135        54.247669834677552        48.581786207347761     
   17195.577142856448        53.685151683235006        53.134961705918585        47.918996130060499     
   17295.551428576222        52.590722694226862        52.058408435519958        47.264114125088739     
   17395.525714295996        51.531854530751531        51.016835160013891        46.621409345406178     
   17495.500000015771        50.507391635717980        50.009105196609937        45.992490265179157     
   17595.474285735545        49.516216005193222        49.034118802297876        45.377838512236650     
   17695.448571455319        48.557245967903675        48.090811973285270        44.777461157509933     
   17795.422857175094        47.629435004407590        47.178155283456121        44.191168050633294     
   17895.397142894868        46.731770604646961        46.295152760584138        43.618689674812764     
   17995.371428614642        45.863273162633497        45.440840799071516        43.059727170454991     
   18095.345714334417        45.022994907059875        44.614287108028044        42.513973509796671     
   18195.320000054191        44.210018866669579        43.814589693539482        41.981122403217014     
   18295.294285773965        43.423457869255344        43.040875874016436        41.460871989630327     
   18395.268571493740        42.662453573191804        42.292301327545502        40.952926310579585     
   18495.242857213514        41.926175530446343        41.568049170204688        40.456995843844183     
   18595.217142933288        41.213820280045866        40.867329064336701        39.972797639160277     
   18695.191428653063        40.524610471005396        40.189376355803731        39.500055286803899     
   18795.165714372837        39.857794013765599        39.533451239284943        39.038498817133068     
   18895.140000092611        39.212643259209990        38.898837950703154        38.587864572764872     
   18995.114285812386        38.588454204365362        38.284843985899329        38.147895071071886     
   19095.088571532160        62.097923584204672        61.375248396711292        45.202717111910403     
   19195.062857251934        60.721647287519943        60.056516410311083        49.188784222170689     
   19295.037142971709        59.398589666078109        58.755080172905785        50.447606086094957     
   19395.011428691483        58.118524708200979        57.495923004654834        50.556364628341029     
   19494.985714411258        56.880052588756733        56.277679316796366        50.186032714548965     
   19594.960000131032        55.681821730859532        55.099019612132444        49.621765663530354     
   19694.934285850806        54.522524482144313        53.958657596851836        48.984620251277065     
   19794.908571570581        53.400895686294369        52.855348779077701        48.325860825708133     
   19894.882857290355        52.315711301892044        51.787889110279238        47.667071438661893     
   19994.857143010129        51.265787066161138        50.755113670839869        47.017217057709246     
   20094.831428729904        50.249977202143917        49.755895398350248        46.379900279322555     
   20194.805714449678        49.267173167896807        48.789143857235082        45.756447789533226     
   20294.780000169452        48.316302446342618        47.853804048370662        45.147223047922665     
   20394.754285889227        47.396327374455758        46.948855257394101        44.552184514295824     
   20494.728571609001        46.506244010501639        46.073309940444808        43.971122976298908     
   20594.702857328775        45.645081038093934        45.226212646122363        43.403762388009220     
   20694.677143048550        44.811898705874533        44.406638972485275        42.849802656595898     
   20794.651428768324        44.005787801654499        43.613694557948406        42.308937739505836     
   20894.625714488098        43.225868659899440        42.846514104978972        41.780863242537393     
   20994.600000207873        42.471290201473927        42.104260435525937        41.265279554496232     
   21094.574285927647        41.741229004595034        41.386123577148211        40.761893085607028     
   21194.548571647421        41.034888405984489        40.691319878847992        40.270416701555419     
   21294.522857367196        40.351497631232533        40.019091155638961        39.790569817530937     
   21394.497143086970        39.690310953428742        39.368703860920107        39.322078349735044     
   21494.471428806744        39.050606879138527        38.739448285747393        38.864674608305478     
   21594.445714526519        38.431687360836015        38.130637784131345        38.418097167303799     
   21694.420000246293        37.832877034935507        37.541608023513575        37.982090726901440     
   21794.394285966067        37.253522484587805        36.971716259604250        37.556405974139253     
   21894.368571685842        36.692991526435918        36.420340634788346        37.140799444946325     
   21994.342857405616        36.150672520554025        35.886879499335052        36.735033388503268     
   22000.000000263070        36.120517074940352        35.857216592260116        36.712362105214758     
