
 temps=   999.99999999923557     
  0.25000000000000000        64.981850904365615        61.719819843551797        56.154783734510374     
  0.50000000000000000        64.963696324679901        61.700734422861110        56.134809021777215     
  0.75000000000000000        64.945546431532080        61.683480461595380        56.119206995369240     
   1.0000000000000000        64.927401198040371        61.666227297106090        56.103600339577504     
   1.2500000000000000        64.909260594270791        61.648974360026628        56.087987748331813     
   1.5000000000000000        64.891124590086150        61.631721592925409        56.072369128109173     
   1.7500000000000000        64.872993155145238        61.614468938105425        56.056744385043267     
   2.0000000000000000        64.854866258901524        61.597216337467060        56.041113424602528     
   2.2500000000000000        64.836743870601580        61.579963732500893        56.025476151576164     
   2.5000000000000000        64.818625959283310        61.562711064228097        56.009832469929350     
   2.7500000000000000        64.800512493775315        61.545458273404577        55.994182283304696     
   3.0000000000000000        64.782403442694289        61.528205300208171        55.978525494260914     
   3.2500000000000000        64.764298774444455        61.510952084504424        55.962862004924290     
   3.5000000000000000        64.746198457215456        61.493698565698480        55.947191716628069     
   3.7500000000000000        64.728102458980956        61.476444682750142        55.931514529953333     
   4.0000000000000000        64.710010747497179        61.459190374227404        55.915830344861384     
   4.2500000000000000        64.691923290301233        61.441935578225404        55.900139060497899     
   4.5000000000000000        64.673840054708876        61.424680232329536        55.884440575174622     
   4.7500000000000000        64.655761000528315        61.407422971300981        55.868732140172263     
   5.0000000000000000        64.637569167842969        61.379960194153753        55.832633249419636     
 temps=   1999.9999999983261     
  0.25000000000000000        64.981973340752489        61.741895416690667        56.208794991441550     
  0.50000000000000000        64.963944239667512        61.723429639281250        56.190137941888764     
  0.75000000000000000        64.945922361657679        61.706706031369485        56.175631360036881     
   1.0000000000000000        64.927907706142562        61.689989541978910        56.161131571844095     
   1.2500000000000000        64.909900270212688        61.673279749527573        56.146637588840399     
   1.5000000000000000        64.891900050958839        61.656576651186469        56.132149408378169     
   1.7500000000000000        64.873907045472833        61.639880244225992        56.117667028043556     
   2.0000000000000000        64.855921250847402        61.623190525917096        56.103190445420694     
   2.2500000000000000        64.837942664176211        61.606507493532213        56.088719658097162     
   2.5000000000000000        64.819971282553979        61.589831144344004        56.074254663659708     
   2.7500000000000000        64.802007103076264        61.573161475625611        56.059795459694541     
   3.0000000000000000        64.784050122839659        61.556498484650845        56.045342043788082     
   3.2500000000000000        64.766100338941669        61.539842168694051        56.030894413527491     
   3.5000000000000000        64.748157748480750        61.523192525029970        56.016452566498266     
   3.7500000000000000        64.730222348556339        61.506549550934480        56.002016500287880     
   4.0000000000000000        64.712294136268753        61.489913243683219        55.987586212482285     
   4.2500000000000000        64.694373108719290        61.473283600553351        55.973161700669159     
   4.5000000000000000        64.676459263009235        61.456660618651512        55.958742962088131     
   4.7500000000000000        64.658552588857887        61.440042975231734        55.944327308030267     
   5.0000000000000000        64.640535851315889        61.413172828139004        55.909404376999888     
 temps=   3000.0000000190626     
  0.25000000000000000        64.981973360590914        61.741898993616850        56.208803742936979     
  0.50000000000000000        64.963944280268322        61.723433394332638        56.190147097044630     
  0.75000000000000000        64.945922423794102        61.706709937934903        56.175640852447629     
   1.0000000000000000        64.927907790602518        61.689993603135676        56.161141407790979     
   1.2500000000000000        64.909900377798962        61.673283968454861        56.146647774847338     
   1.5000000000000000        64.891900182489451        61.656581031110136        56.132159951045949     
   1.7500000000000000        64.873907201781165        61.639884788415117        56.117677934062939     
   2.0000000000000000        64.855921432782438        61.623195237687739        56.103201721567878     
   2.2500000000000000        64.837942872602753        61.606512376245007        56.088731311235946     
   2.5000000000000000        64.819971518352773        61.589836201406342        56.074266700740573     
   2.7500000000000000        64.802007367144299        61.573166710491186        56.059807887757856     
   3.0000000000000000        64.784050416090309        61.556503900821212        56.045354869963056     
   3.2500000000000000        64.766100662304908        61.539847769717497        56.030907645035022     
   3.5000000000000000        64.748158102903389        61.523198314504754        56.016466210649369     
   3.7500000000000000        64.730222735002187        61.506555532505004        56.002030564488848     
   4.0000000000000000        64.712294555718884        61.489919421045890        55.987600704228349     
   4.2500000000000000        64.694373562172231        61.473289977452033        55.973176627553848     
   4.5000000000000000        64.676459751481190        61.456667198881831        55.958758331798180     
   4.7500000000000000        64.658553113382837        61.440049762620717        55.944343128301924     
   5.0000000000000000        64.640536412795342        61.413179799561526        55.909420590214566     
 temps=   4000.0000000408904     
  0.25000000000000000        64.981973360593926        61.741898994160422        56.208803744262966     
  0.50000000000000000        64.963944280274546        61.723433394916412        56.190147098468358     
  0.75000000000000000        64.945922423803722        61.706709938554738        56.175640853949730     
   1.0000000000000000        64.927907790615706        61.689993603790711        56.161141409378601     
   1.2500000000000000        64.909900377815902        61.673283969147917        56.146647776518840     
   1.5000000000000000        64.891900182510341        61.656581031841029        56.132159952806326     
   1.7500000000000000        64.873907201806205        61.639884789185672        56.117677935912660     
   2.0000000000000000        64.855921432811826        61.623195238498603        56.103201723510466     
   2.2500000000000000        64.837942872636702        61.606512377097623        56.088731313273215     
   2.5000000000000000        64.819971518391498        61.589836202301626        56.074266702875391     
   2.7500000000000000        64.802007367188011        61.573166711430559        56.059807889992356     
   3.0000000000000000        64.784050416139223        61.556503901805478        56.045354872300450     
   3.2500000000000000        64.766100662359264        61.539847770748487        56.030907647476909     
   3.5000000000000000        64.748158102963416        61.523198315582775        56.016466213199919     
   3.7500000000000000        64.730222735068111        61.506555533632579        56.002030567148559     
   4.0000000000000000        64.712294555790962        61.489919422223259        55.987600707002919     
   4.2500000000000000        64.694373562250718        61.473289978681173        55.973176630443888     
   4.5000000000000000        64.676459751566341        61.456667200163942        55.958758334807683     
   4.7500000000000000        64.658553113474909        61.440049763956488        55.944343131433769     
   5.0000000000000000        64.640536412894562        61.413179800945379        55.909420593450690     
 temps=   5000.0000000627178     
  0.25000000000000000        64.981973360593926        61.741898994160422        56.208803744262966     
  0.50000000000000000        64.963944280274546        61.723433394916412        56.190147098468358     
  0.75000000000000000        64.945922423803722        61.706709938554738        56.175640853949730     
   1.0000000000000000        64.927907790615706        61.689993603790711        56.161141409378601     
   1.2500000000000000        64.909900377815902        61.673283969147917        56.146647776518840     
   1.5000000000000000        64.891900182510341        61.656581031841029        56.132159952806326     
   1.7500000000000000        64.873907201806205        61.639884789185672        56.117677935912660     
   2.0000000000000000        64.855921432811826        61.623195238498603        56.103201723510466     
   2.2500000000000000        64.837942872636702        61.606512377097623        56.088731313273215     
   2.5000000000000000        64.819971518391498        61.589836202301626        56.074266702875391     
   2.7500000000000000        64.802007367188011        61.573166711430559        56.059807889992356     
   3.0000000000000000        64.784050416139223        61.556503901805478        56.045354872300450     
   3.2500000000000000        64.766100662359264        61.539847770748487        56.030907647476909     
   3.5000000000000000        64.748158102963416        61.523198315582775        56.016466213199919     
   3.7500000000000000        64.730222735068111        61.506555533632579        56.002030567148559     
   4.0000000000000000        64.712294555790962        61.489919422223259        55.987600707002919     
   4.2500000000000000        64.694373562250718        61.473289978681173        55.973176630443888     
   4.5000000000000000        64.676459751566341        61.456667200163942        55.958758334807683     
   4.7500000000000000        64.658553113474909        61.440049763956488        55.944343131433769     
   5.0000000000000000        64.640536412894562        61.413179800945379        55.909420593450690     
 temps=   5000.0000000627178     
  0.25000000000000000        64.981973360593926        61.741898994160422        56.208803744262966     
  0.50000000000000000        64.963944280274546        61.723433394916412        56.190147098468358     
  0.75000000000000000        64.945922423803722        61.706709938554738        56.175640853949730     
   1.0000000000000000        64.927907790615706        61.689993603790711        56.161141409378601     
   1.2500000000000000        64.909900377815902        61.673283969147917        56.146647776518840     
   1.5000000000000000        64.891900182510341        61.656581031841029        56.132159952806326     
   1.7500000000000000        64.873907201806205        61.639884789185672        56.117677935912660     
   2.0000000000000000        64.855921432811826        61.623195238498603        56.103201723510466     
   2.2500000000000000        64.837942872636702        61.606512377097623        56.088731313273215     
   2.5000000000000000        64.819971518391498        61.589836202301626        56.074266702875391     
   2.7500000000000000        64.802007367188011        61.573166711430559        56.059807889992356     
   3.0000000000000000        64.784050416139223        61.556503901805478        56.045354872300450     
   3.2500000000000000        64.766100662359264        61.539847770748487        56.030907647476909     
   3.5000000000000000        64.748158102963416        61.523198315582775        56.016466213199919     
   3.7500000000000000        64.730222735068111        61.506555533632579        56.002030567148559     
   4.0000000000000000        64.712294555790962        61.489919422223259        55.987600707002919     
   4.2500000000000000        64.694373562250718        61.473289978681173        55.973176630443888     
   4.5000000000000000        64.676459751566341        61.456667200163942        55.958758334807683     
   4.7500000000000000        64.658553113474909        61.440049763956488        55.944343131433769     
   5.0000000000000000        64.640536412894562        61.413179800945379        55.909420593450690     
